name,runtime,metric,value
qeom,1,CG,0
